{
  "asset": {
    "version": "2.0",
    "generator": "THREE.GLTFExporter"
  },
  "scenes": [
    {
      "nodes": [
        0,
        1,
        2,
        6,
        169,
        170,
        321
      ]
    }
  ],
  "scene": 0,
  "nodes": [
    {},
    {
      "matrix": [
        1,
        0,
        0,
        0,
        0,
        1,
        0,
        0,
        0,
        0,
        1,
        0,
        -40,
        40,
        40,
        1
      ],
      "extensions": {
        "KHR_lights_punctual": {
          "light": 0
        }
      }
    },
    {
      "matrix": [
        1,
        0,
        0,
        0,
        0,
        1,
        0,
        0,
        0,
        0,
        1,
        0,
        40,
        0.1,
        40,
        1
      ]
    },
    {
      "mesh": 0
    },
    {
      "mesh": 1
    },
    {
      "mesh": 2
    },
    {
      "children": [
        3,
        4,
        5
      ]
    },
    {
      "mesh": 3
    },
    {
      "mesh": 4
    },
    {
      "mesh": 5
    },
    {
      "mesh": 6
    },
    {
      "mesh": 7
    },
    {
      "mesh": 8
    },
    {
      "mesh": 9
    },
    {
      "mesh": 10
    },
    {
      "mesh": 11
    },
    {
      "mesh": 12
    },
    {
      "mesh": 13
    },
    {
      "mesh": 14
    },
    {
      "mesh": 15
    },
    {
      "mesh": 16
    },
    {
      "mesh": 17
    },
    {
      "mesh": 18
    },
    {
      "mesh": 19
    },
    {
      "mesh": 20
    },
    {
      "mesh": 21
    },
    {
      "mesh": 22
    },
    {
      "mesh": 23
    },
    {
      "mesh": 24
    },
    {
      "mesh": 25
    },
    {
      "mesh": 26
    },
    {
      "mesh": 27
    },
    {
      "mesh": 28
    },
    {
      "mesh": 29
    },
    {
      "mesh": 30
    },
    {
      "mesh": 31
    },
    {
      "mesh": 32
    },
    {
      "mesh": 33
    },
    {
      "mesh": 34
    },
    {
      "mesh": 35
    },
    {
      "mesh": 36
    },
    {
      "mesh": 37
    },
    {
      "mesh": 38
    },
    {
      "mesh": 39
    },
    {
      "mesh": 40
    },
    {
      "mesh": 41
    },
    {
      "mesh": 42
    },
    {
      "mesh": 43
    },
    {
      "mesh": 44
    },
    {
      "mesh": 45
    },
    {
      "mesh": 46
    },
    {
      "mesh": 47
    },
    {
      "mesh": 48
    },
    {
      "mesh": 49
    },
    {
      "mesh": 50
    },
    {
      "mesh": 51
    },
    {
      "mesh": 52
    },
    {
      "mesh": 53
    },
    {
      "mesh": 54
    },
    {
      "mesh": 55
    },
    {
      "mesh": 56
    },
    {
      "mesh": 57
    },
    {
      "mesh": 58
    },
    {
      "mesh": 59
    },
    {
      "mesh": 60
    },
    {
      "mesh": 61
    },
    {
      "mesh": 62
    },
    {
      "mesh": 63
    },
    {
      "mesh": 64
    },
    {
      "mesh": 65
    },
    {
      "mesh": 66
    },
    {
      "mesh": 67
    },
    {
      "mesh": 68
    },
    {
      "mesh": 69
    },
    {
      "mesh": 70
    },
    {
      "mesh": 71
    },
    {
      "mesh": 72
    },
    {
      "mesh": 73
    },
    {
      "mesh": 74
    },
    {
      "mesh": 75
    },
    {
      "mesh": 76
    },
    {
      "mesh": 77
    },
    {
      "mesh": 78
    },
    {
      "mesh": 79
    },
    {
      "mesh": 80
    },
    {
      "mesh": 81
    },
    {
      "mesh": 82
    },
    {
      "mesh": 83
    },
    {
      "mesh": 84
    },
    {
      "mesh": 85
    },
    {
      "mesh": 86
    },
    {
      "mesh": 87
    },
    {
      "mesh": 88
    },
    {
      "mesh": 89
    },
    {
      "mesh": 90
    },
    {
      "mesh": 91
    },
    {
      "mesh": 92
    },
    {
      "mesh": 93
    },
    {
      "mesh": 94
    },
    {
      "mesh": 95
    },
    {
      "mesh": 96
    },
    {
      "mesh": 97
    },
    {
      "mesh": 98
    },
    {
      "mesh": 99
    },
    {
      "mesh": 100
    },
    {
      "mesh": 101
    },
    {
      "mesh": 102
    },
    {
      "mesh": 103
    },
    {
      "mesh": 104
    },
    {
      "mesh": 105
    },
    {
      "mesh": 106
    },
    {
      "mesh": 107
    },
    {
      "mesh": 108
    },
    {
      "mesh": 109
    },
    {
      "mesh": 110
    },
    {
      "mesh": 111
    },
    {
      "mesh": 112
    },
    {
      "mesh": 113
    },
    {
      "mesh": 114
    },
    {
      "mesh": 115
    },
    {
      "mesh": 116
    },
    {
      "mesh": 117
    },
    {
      "mesh": 118
    },
    {
      "mesh": 119
    },
    {
      "mesh": 120
    },
    {
      "mesh": 121
    },
    {
      "mesh": 122
    },
    {
      "mesh": 123
    },
    {
      "mesh": 124
    },
    {
      "mesh": 125
    },
    {
      "mesh": 126
    },
    {
      "mesh": 127
    },
    {
      "mesh": 128
    },
    {
      "mesh": 129
    },
    {
      "mesh": 130
    },
    {
      "mesh": 131
    },
    {
      "mesh": 132
    },
    {
      "mesh": 133
    },
    {
      "mesh": 134
    },
    {
      "mesh": 135
    },
    {
      "mesh": 136
    },
    {
      "mesh": 137
    },
    {
      "mesh": 138
    },
    {
      "mesh": 139
    },
    {
      "mesh": 140
    },
    {
      "mesh": 141
    },
    {
      "mesh": 142
    },
    {
      "mesh": 143
    },
    {
      "mesh": 144
    },
    {
      "mesh": 145
    },
    {
      "mesh": 146
    },
    {
      "mesh": 147
    },
    {
      "mesh": 148
    },
    {
      "mesh": 149
    },
    {
      "mesh": 150
    },
    {
      "mesh": 151
    },
    {
      "mesh": 152
    },
    {
      "mesh": 153
    },
    {
      "mesh": 154
    },
    {
      "mesh": 155
    },
    {
      "mesh": 156
    },
    {
      "mesh": 157
    },
    {
      "mesh": 158
    },
    {
      "mesh": 159
    },
    {
      "mesh": 160
    },
    {
      "mesh": 161
    },
    {
      "mesh": 162
    },
    {
      "mesh": 163
    },
    {
      "mesh": 164
    },
    {
      "matrix": [
        1,
        0,
        0,
        0,
        0,
        2.220446049250313e-16,
        -1,
        0,
        0,
        1,
        2.220446049250313e-16,
        0,
        0,
        0.1,
        80,
        1
      ],
      "children": [
        7,
        8,
        9,
        10,
        11,
        12,
        13,
        14,
        15,
        16,
        17,
        18,
        19,
        20,
        21,
        22,
        23,
        24,
        25,
        26,
        27,
        28,
        29,
        30,
        31,
        32,
        33,
        34,
        35,
        36,
        37,
        38,
        39,
        40,
        41,
        42,
        43,
        44,
        45,
        46,
        47,
        48,
        49,
        50,
        51,
        52,
        53,
        54,
        55,
        56,
        57,
        58,
        59,
        60,
        61,
        62,
        63,
        64,
        65,
        66,
        67,
        68,
        69,
        70,
        71,
        72,
        73,
        74,
        75,
        76,
        77,
        78,
        79,
        80,
        81,
        82,
        83,
        84,
        85,
        86,
        87,
        88,
        89,
        90,
        91,
        92,
        93,
        94,
        95,
        96,
        97,
        98,
        99,
        100,
        101,
        102,
        103,
        104,
        105,
        106,
        107,
        108,
        109,
        110,
        111,
        112,
        113,
        114,
        115,
        116,
        117,
        118,
        119,
        120,
        121,
        122,
        123,
        124,
        125,
        126,
        127,
        128,
        129,
        130,
        131,
        132,
        133,
        134,
        135,
        136,
        137,
        138,
        139,
        140,
        141,
        142,
        143,
        144,
        145,
        146,
        147,
        148,
        149,
        150,
        151,
        152,
        153,
        154,
        155,
        156,
        157,
        158,
        159,
        160,
        161,
        162,
        163,
        164,
        165,
        166,
        167,
        168
      ]
    },
    {
      "matrix": [
        1,
        0,
        0,
        0,
        0,
        2.220446049250313e-16,
        -1,
        0,
        0,
        1,
        2.220446049250313e-16,
        0,
        40,
        0,
        40,
        1
      ],
      "mesh": 165
    },
    {
      "mesh": 166
    },
    {
      "mesh": 167
    },
    {
      "matrix": [
        0.7071067811865475,
        0,
        -0.7071067811865476,
        0,
        0,
        1,
        0,
        0,
        0.7071067811865476,
        0,
        0.7071067811865475,
        0,
        -16.91956858584065,
        3.5999999046325684,
        -8.64705805732656,
        1
      ],
      "children": [
        171,
        172
      ]
    },
    {
      "mesh": 168
    },
    {
      "mesh": 167
    },
    {
      "matrix": [
        0.7071067811865475,
        0,
        -0.7071067811865476,
        0,
        0,
        1,
        0,
        0,
        0.7071067811865476,
        0,
        0.7071067811865475,
        0,
        0.5881387059832859,
        3.5999999046325684,
        19.123297237029607,
        1
      ],
      "children": [
        174,
        175
      ]
    },
    {
      "mesh": 169
    },
    {
      "mesh": 167
    },
    {
      "matrix": [
        0.7071067811865475,
        0,
        -0.7071067811865476,
        0,
        0,
        1,
        0,
        0,
        0.7071067811865476,
        0,
        0.7071067811865475,
        0,
        7.081698844825886,
        3.5999999046325684,
        26.266653715025367,
        1
      ],
      "children": [
        177,
        178
      ]
    },
    {
      "mesh": 170
    },
    {
      "mesh": 167
    },
    {
      "matrix": [
        0.7071067811865475,
        0,
        -0.7071067811865476,
        0,
        0,
        1,
        0,
        0,
        0.7071067811865476,
        0,
        0.7071067811865475,
        0,
        -10.56482214719912,
        3.5999999046325684,
        26.38125242556564,
        1
      ],
      "children": [
        180,
        181
      ]
    },
    {
      "mesh": 171
    },
    {
      "mesh": 167
    },
    {
      "matrix": [
        0.7071067811865475,
        0,
        -0.7071067811865476,
        0,
        0,
        1,
        0,
        0,
        0.7071067811865476,
        0,
        0.7071067811865475,
        0,
        27.79710863699649,
        3.5999999046325684,
        -2.3332994807160095,
        1
      ],
      "children": [
        183,
        184
      ]
    },
    {
      "mesh": 172
    },
    {
      "mesh": 167
    },
    {
      "matrix": [
        0.7071067811865475,
        0,
        -0.7071067811865476,
        0,
        0,
        1,
        0,
        0,
        0.7071067811865476,
        0,
        0.7071067811865475,
        0,
        -8.953658134508679,
        3.5999999046325684,
        21.489302198481017,
        1
      ],
      "children": [
        186,
        187
      ]
    },
    {
      "mesh": 173
    },
    {
      "mesh": 167
    },
    {
      "matrix": [
        0.7071067811865475,
        0,
        -0.7071067811865476,
        0,
        0,
        1,
        0,
        0,
        0.7071067811865476,
        0,
        0.7071067811865475,
        0,
        24.804873037909665,
        3.5999999046325684,
        -11.196227229223807,
        1
      ],
      "children": [
        189,
        190
      ]
    },
    {
      "mesh": 174
    },
    {
      "mesh": 167
    },
    {
      "matrix": [
        0.7071067811865475,
        0,
        -0.7071067811865476,
        0,
        0,
        1,
        0,
        0,
        0.7071067811865476,
        0,
        0.7071067811865475,
        0,
        23.291565116547858,
        3.5999999046325684,
        2.24110386471197,
        1
      ],
      "children": [
        192,
        193
      ]
    },
    {
      "mesh": 175
    },
    {
      "mesh": 167
    },
    {
      "matrix": [
        0.7071067811865475,
        0,
        -0.7071067811865476,
        0,
        0,
        1,
        0,
        0,
        0.7071067811865476,
        0,
        0.7071067811865475,
        0,
        -24.55037999916963,
        3.5999999046325684,
        -30.983844892713016,
        1
      ],
      "children": [
        195,
        196
      ]
    },
    {
      "mesh": 176
    },
    {
      "mesh": 167
    },
    {
      "matrix": [
        0.7071067811865475,
        0,
        -0.7071067811865476,
        0,
        0,
        1,
        0,
        0,
        0.7071067811865476,
        0,
        0.7071067811865475,
        0,
        19.011333442050095,
        3.5999999046325684,
        14.23080506524259,
        1
      ],
      "children": [
        198,
        199
      ]
    },
    {
      "mesh": 177
    },
    {
      "mesh": 167
    },
    {
      "matrix": [
        0.7071067811865475,
        0,
        -0.7071067811865476,
        0,
        0,
        1,
        0,
        0,
        0.7071067811865476,
        0,
        0.7071067811865475,
        0,
        -3.9666618525408905,
        3.5999999046325684,
        3.9503662168141784,
        1
      ],
      "children": [
        201,
        202
      ]
    },
    {
      "mesh": 178
    },
    {
      "mesh": 167
    },
    {
      "matrix": [
        0.7071067811865475,
        0,
        -0.7071067811865476,
        0,
        0,
        1,
        0,
        0,
        0.7071067811865476,
        0,
        0.7071067811865475,
        0,
        -12.73094444083047,
        3.5999999046325684,
        -0.41480662777907273,
        1
      ],
      "children": [
        204,
        205
      ]
    },
    {
      "mesh": 179
    },
    {
      "mesh": 167
    },
    {
      "matrix": [
        0.7071067811865475,
        0,
        -0.7071067811865476,
        0,
        0,
        1,
        0,
        0,
        0.7071067811865476,
        0,
        0.7071067811865475,
        0,
        13.845889217196591,
        3.5999999046325684,
        -23.79727904592699,
        1
      ],
      "children": [
        207,
        208
      ]
    },
    {
      "mesh": 180
    },
    {
      "mesh": 167
    },
    {
      "matrix": [
        0.7071067811865475,
        0,
        -0.7071067811865476,
        0,
        0,
        1,
        0,
        0,
        0.7071067811865476,
        0,
        0.7071067811865475,
        0,
        22.410657359084087,
        3.5999999046325684,
        -9.388480525097775,
        1
      ],
      "children": [
        210,
        211
      ]
    },
    {
      "mesh": 181
    },
    {
      "mesh": 167
    },
    {
      "matrix": [
        0.7071067811865475,
        0,
        -0.7071067811865476,
        0,
        0,
        1,
        0,
        0,
        0.7071067811865476,
        0,
        0.7071067811865475,
        0,
        -8.074317500654203,
        3.5999999046325684,
        11.173151741030637,
        1
      ],
      "children": [
        213,
        214
      ]
    },
    {
      "mesh": 182
    },
    {
      "mesh": 167
    },
    {
      "matrix": [
        0.7071067811865475,
        0,
        -0.7071067811865476,
        0,
        0,
        1,
        0,
        0,
        0.7071067811865476,
        0,
        0.7071067811865475,
        0,
        -3.7144785135497482,
        3.5999999046325684,
        11.865294597035422,
        1
      ],
      "children": [
        216,
        217
      ]
    },
    {
      "mesh": 183
    },
    {
      "mesh": 167
    },
    {
      "matrix": [
        0.7071067811865475,
        0,
        -0.7071067811865476,
        0,
        0,
        1,
        0,
        0,
        0.7071067811865476,
        0,
        0.7071067811865475,
        0,
        -3.493367112544247,
        3.5999999046325684,
        23.351608044441473,
        1
      ],
      "children": [
        219,
        220
      ]
    },
    {
      "mesh": 184
    },
    {
      "mesh": 167
    },
    {
      "matrix": [
        0.7071067811865475,
        0,
        -0.7071067811865476,
        0,
        0,
        1,
        0,
        0,
        0.7071067811865476,
        0,
        0.7071067811865475,
        0,
        -19.475799978934432,
        3.5999999046325684,
        -29.188690124725586,
        1
      ],
      "children": [
        222,
        223
      ]
    },
    {
      "mesh": 185
    },
    {
      "mesh": 167
    },
    {
      "matrix": [
        0.7071067811865475,
        0,
        -0.7071067811865476,
        0,
        0,
        1,
        0,
        0,
        0.7071067811865476,
        0,
        0.7071067811865475,
        0,
        -6.098708506056848,
        3.5999999046325684,
        -16.436923408881224,
        1
      ],
      "children": [
        225,
        226
      ]
    },
    {
      "mesh": 186
    },
    {
      "mesh": 167
    },
    {
      "matrix": [
        0.7071067811865475,
        0,
        -0.7071067811865476,
        0,
        0,
        1,
        0,
        0,
        0.7071067811865476,
        0,
        0.7071067811865475,
        0,
        19.90216441220386,
        3.5999999046325684,
        17.664206338099724,
        1
      ],
      "children": [
        228,
        229
      ]
    },
    {
      "mesh": 187
    },
    {
      "mesh": 167
    },
    {
      "matrix": [
        0.7071067811865475,
        0,
        -0.7071067811865476,
        0,
        0,
        1,
        0,
        0,
        0.7071067811865476,
        0,
        0.7071067811865475,
        0,
        21.3979609230614,
        3.5999999046325684,
        -12.52533363995589,
        1
      ],
      "children": [
        231,
        232
      ]
    },
    {
      "mesh": 188
    },
    {
      "mesh": 167
    },
    {
      "matrix": [
        0.7071067811865475,
        0,
        -0.7071067811865476,
        0,
        0,
        1,
        0,
        0,
        0.7071067811865476,
        0,
        0.7071067811865475,
        0,
        8.906240079867715,
        3.5999999046325684,
        -30.152608372005552,
        1
      ],
      "children": [
        234,
        235
      ]
    },
    {
      "mesh": 189
    },
    {
      "mesh": 167
    },
    {
      "matrix": [
        0.7071067811865475,
        0,
        -0.7071067811865476,
        0,
        0,
        1,
        0,
        0,
        0.7071067811865476,
        0,
        0.7071067811865475,
        0,
        -33.55977753210516,
        3.5999999046325684,
        -3.474059963394832,
        1
      ],
      "children": [
        237,
        238
      ]
    },
    {
      "mesh": 190
    },
    {
      "mesh": 167
    },
    {
      "matrix": [
        0.7071067811865475,
        0,
        -0.7071067811865476,
        0,
        0,
        1,
        0,
        0,
        0.7071067811865476,
        0,
        0.7071067811865475,
        0,
        -13.467138558987934,
        3.5999999046325684,
        16.729954170771023,
        1
      ],
      "children": [
        240,
        241
      ]
    },
    {
      "mesh": 191
    },
    {
      "mesh": 167
    },
    {
      "matrix": [
        0.7071067811865475,
        0,
        -0.7071067811865476,
        0,
        0,
        1,
        0,
        0,
        0.7071067811865476,
        0,
        0.7071067811865475,
        0,
        -4.223520331938255,
        3.5999999046325684,
        -31.3133939433267,
        1
      ],
      "children": [
        243,
        244
      ]
    },
    {
      "mesh": 192
    },
    {
      "mesh": 167
    },
    {
      "matrix": [
        0.7071067811865475,
        0,
        -0.7071067811865476,
        0,
        0,
        1,
        0,
        0,
        0.7071067811865476,
        0,
        0.7071067811865475,
        0,
        30.572637603198228,
        3.5999999046325684,
        15.749495985682852,
        1
      ],
      "children": [
        246,
        247
      ]
    },
    {
      "mesh": 193
    },
    {
      "mesh": 167
    },
    {
      "matrix": [
        0.7071067811865475,
        0,
        -0.7071067811865476,
        0,
        0,
        1,
        0,
        0,
        0.7071067811865476,
        0,
        0.7071067811865475,
        0,
        4.130701590943151,
        3.5999999046325684,
        14.78453941216928,
        1
      ],
      "children": [
        249,
        250
      ]
    },
    {
      "mesh": 194
    },
    {
      "mesh": 167
    },
    {
      "matrix": [
        0.7071067811865475,
        0,
        -0.7071067811865476,
        0,
        0,
        1,
        0,
        0,
        0.7071067811865476,
        0,
        0.7071067811865475,
        0,
        1.1119268626287053,
        3.5999999046325684,
        -7.183251620247889,
        1
      ],
      "children": [
        252,
        253
      ]
    },
    {
      "mesh": 195
    },
    {
      "mesh": 167
    },
    {
      "matrix": [
        0.7071067811865475,
        0,
        -0.7071067811865476,
        0,
        0,
        1,
        0,
        0,
        0.7071067811865476,
        0,
        0.7071067811865475,
        0,
        14.130872626418594,
        3.5999999046325684,
        12.452964824752618,
        1
      ],
      "children": [
        255,
        256
      ]
    },
    {
      "mesh": 196
    },
    {
      "mesh": 167
    },
    {
      "matrix": [
        0.7071067811865475,
        0,
        -0.7071067811865476,
        0,
        0,
        1,
        0,
        0,
        0.7071067811865476,
        0,
        0.7071067811865475,
        0,
        -33.104051488445734,
        3.5999999046325684,
        9.468362009169109,
        1
      ],
      "children": [
        258,
        259
      ]
    },
    {
      "mesh": 197
    },
    {
      "mesh": 167
    },
    {
      "matrix": [
        0.7071067811865475,
        0,
        -0.7071067811865476,
        0,
        0,
        1,
        0,
        0,
        0.7071067811865476,
        0,
        0.7071067811865475,
        0,
        -24.6624825447383,
        3.5999999046325684,
        -0.9626204534427534,
        1
      ],
      "children": [
        261,
        262
      ]
    },
    {
      "mesh": 198
    },
    {
      "mesh": 167
    },
    {
      "matrix": [
        0.7071067811865475,
        0,
        -0.7071067811865476,
        0,
        0,
        1,
        0,
        0,
        0.7071067811865476,
        0,
        0.7071067811865475,
        0,
        8.054060942309423,
        3.5999999046325684,
        24.26722835244276,
        1
      ],
      "children": [
        264,
        265
      ]
    },
    {
      "mesh": 199
    },
    {
      "mesh": 167
    },
    {
      "matrix": [
        0.7071067811865475,
        0,
        -0.7071067811865476,
        0,
        0,
        1,
        0,
        0,
        0.7071067811865476,
        0,
        0.7071067811865475,
        0,
        14.289354045276145,
        3.5999999046325684,
        -16.392668569263122,
        1
      ],
      "children": [
        267,
        268
      ]
    },
    {
      "mesh": 200
    },
    {
      "mesh": 167
    },
    {
      "matrix": [
        0.7071067811865475,
        0,
        -0.7071067811865476,
        0,
        0,
        1,
        0,
        0,
        0.7071067811865476,
        0,
        0.7071067811865475,
        0,
        27.262140303510126,
        3.5999999046325684,
        15.205610621622979,
        1
      ],
      "children": [
        270,
        271
      ]
    },
    {
      "mesh": 201
    },
    {
      "mesh": 167
    },
    {
      "matrix": [
        0.7071067811865475,
        0,
        -0.7071067811865476,
        0,
        0,
        1,
        0,
        0,
        0.7071067811865476,
        0,
        0.7071067811865475,
        0,
        -24.24471285048276,
        3.5999999046325684,
        0.9604255109569149,
        1
      ],
      "children": [
        273,
        274
      ]
    },
    {
      "mesh": 202
    },
    {
      "mesh": 167
    },
    {
      "matrix": [
        0.7071067811865475,
        0,
        -0.7071067811865476,
        0,
        0,
        1,
        0,
        0,
        0.7071067811865476,
        0,
        0.7071067811865475,
        0,
        10.26469753535837,
        3.5999999046325684,
        9.55148073285239,
        1
      ],
      "children": [
        276,
        277
      ]
    },
    {
      "mesh": 203
    },
    {
      "mesh": 167
    },
    {
      "matrix": [
        0.7071067811865475,
        0,
        -0.7071067811865476,
        0,
        0,
        1,
        0,
        0,
        0.7071067811865476,
        0,
        0.7071067811865475,
        0,
        -10.480686836780682,
        3.5999999046325684,
        5.351844252053475,
        1
      ],
      "children": [
        279,
        280
      ]
    },
    {
      "mesh": 204
    },
    {
      "mesh": 167
    },
    {
      "matrix": [
        0.7071067811865475,
        0,
        -0.7071067811865476,
        0,
        0,
        1,
        0,
        0,
        0.7071067811865476,
        0,
        0.7071067811865475,
        0,
        -32.826293122093425,
        3.5999999046325684,
        -27.460052957507884,
        1
      ],
      "children": [
        282,
        283
      ]
    },
    {
      "mesh": 205
    },
    {
      "mesh": 167
    },
    {
      "matrix": [
        0.7071067811865475,
        0,
        -0.7071067811865476,
        0,
        0,
        1,
        0,
        0,
        0.7071067811865476,
        0,
        0.7071067811865475,
        0,
        -7.495368198923038,
        3.5999999046325684,
        8.269982668042724,
        1
      ],
      "children": [
        285,
        286
      ]
    },
    {
      "mesh": 206
    },
    {
      "mesh": 167
    },
    {
      "matrix": [
        0.7071067811865475,
        0,
        -0.7071067811865476,
        0,
        0,
        1,
        0,
        0,
        0.7071067811865476,
        0,
        0.7071067811865475,
        0,
        25.357748297785243,
        3.5999999046325684,
        6.829569054430344,
        1
      ],
      "children": [
        288,
        289
      ]
    },
    {
      "mesh": 207
    },
    {
      "mesh": 167
    },
    {
      "matrix": [
        0.7071067811865475,
        0,
        -0.7071067811865476,
        0,
        0,
        1,
        0,
        0,
        0.7071067811865476,
        0,
        0.7071067811865475,
        0,
        -3.029526148032159,
        3.5999999046325684,
        23.005017863836173,
        1
      ],
      "children": [
        291,
        292
      ]
    },
    {
      "mesh": 208
    },
    {
      "mesh": 167
    },
    {
      "matrix": [
        0.7071067811865475,
        0,
        -0.7071067811865476,
        0,
        0,
        1,
        0,
        0,
        0.7071067811865476,
        0,
        0.7071067811865475,
        0,
        -22.022053270265896,
        3.5999999046325684,
        19.322294882599024,
        1
      ],
      "children": [
        294,
        295
      ]
    },
    {
      "mesh": 209
    },
    {
      "mesh": 167
    },
    {
      "matrix": [
        0.7071067811865475,
        0,
        -0.7071067811865476,
        0,
        0,
        1,
        0,
        0,
        0.7071067811865476,
        0,
        0.7071067811865475,
        0,
        16.01873323075301,
        3.5999999046325684,
        14.620575670089897,
        1
      ],
      "children": [
        297,
        298
      ]
    },
    {
      "mesh": 210
    },
    {
      "mesh": 167
    },
    {
      "matrix": [
        0.7071067811865475,
        0,
        -0.7071067811865476,
        0,
        0,
        1,
        0,
        0,
        0.7071067811865476,
        0,
        0.7071067811865475,
        0,
        -20.872357505068955,
        3.5999999046325684,
        -22.405173976974215,
        1
      ],
      "children": [
        300,
        301
      ]
    },
    {
      "mesh": 211
    },
    {
      "mesh": 167
    },
    {
      "matrix": [
        0.7071067811865475,
        0,
        -0.7071067811865476,
        0,
        0,
        1,
        0,
        0,
        0.7071067811865476,
        0,
        0.7071067811865475,
        0,
        -30.385787584713697,
        3.5999999046325684,
        -33.31980961895303,
        1
      ],
      "children": [
        303,
        304
      ]
    },
    {
      "mesh": 212
    },
    {
      "mesh": 167
    },
    {
      "matrix": [
        0.7071067811865475,
        0,
        -0.7071067811865476,
        0,
        0,
        1,
        0,
        0,
        0.7071067811865476,
        0,
        0.7071067811865475,
        0,
        -9.206067571118181,
        3.5999999046325684,
        10.126974945374084,
        1
      ],
      "children": [
        306,
        307
      ]
    },
    {
      "mesh": 213
    },
    {
      "mesh": 167
    },
    {
      "matrix": [
        0.7071067811865475,
        0,
        -0.7071067811865476,
        0,
        0,
        1,
        0,
        0,
        0.7071067811865476,
        0,
        0.7071067811865475,
        0,
        -15.453235527701096,
        3.5999999046325684,
        33.0020930771226,
        1
      ],
      "children": [
        309,
        310
      ]
    },
    {
      "mesh": 214
    },
    {
      "mesh": 167
    },
    {
      "matrix": [
        0.7071067811865475,
        0,
        -0.7071067811865476,
        0,
        0,
        1,
        0,
        0,
        0.7071067811865476,
        0,
        0.7071067811865475,
        0,
        11.397904885798555,
        3.5999999046325684,
        14.027628696042651,
        1
      ],
      "children": [
        312,
        313
      ]
    },
    {
      "mesh": 215
    },
    {
      "mesh": 167
    },
    {
      "matrix": [
        0.7071067811865475,
        0,
        -0.7071067811865476,
        0,
        0,
        1,
        0,
        0,
        0.7071067811865476,
        0,
        0.7071067811865475,
        0,
        -29.5818118381085,
        3.5999999046325684,
        33.529499588429246,
        1
      ],
      "children": [
        315,
        316
      ]
    },
    {
      "mesh": 216
    },
    {
      "mesh": 167
    },
    {
      "matrix": [
        0.7071067811865475,
        0,
        -0.7071067811865476,
        0,
        0,
        1,
        0,
        0,
        0.7071067811865476,
        0,
        0.7071067811865475,
        0,
        -32.11817244673219,
        3.5999999046325684,
        0.9645101497417237,
        1
      ],
      "children": [
        318,
        319
      ]
    },
    {
      "matrix": [
        1,
        0,
        0,
        0,
        0,
        1,
        0,
        0,
        0,
        0,
        1,
        0,
        40,
        0,
        40,
        1
      ],
      "children": [
        173,
        176,
        179,
        182,
        185,
        188,
        191,
        194,
        197,
        200,
        203,
        206,
        209,
        212,
        215,
        218,
        221,
        224,
        227,
        230,
        233,
        236,
        239,
        242,
        245,
        248,
        251,
        254,
        257,
        260,
        263,
        266,
        269,
        272,
        275,
        278,
        281,
        284,
        287,
        290,
        293,
        296,
        299,
        302,
        305,
        308,
        311,
        314,
        317,
        320
      ]
    }
  ],
  "extensions": {
    "KHR_lights_punctual": {
      "lights": [
        {
          "color": [
            1,
            1,
            1
          ],
          "intensity": 1,
          "type": "directional"
        }
      ]
    }
  },
  "bufferViews": [
    {
      "buffer": 0,
      "byteOffset": 0,
      "byteLength": 24,
      "target": 34962,
      "byteStride": 12
    },
    {
      "buffer": 0,
      "byteOffset": 24,
      "byteLength": 8,
      "target": 34962,
      "byteStride": 4
    },
    {
      "buffer": 0,
      "byteOffset": 32,
      "byteLength": 24,
      "target": 34962,
      "byteStride": 12
    },
    {
      "buffer": 0,
      "byteOffset": 56,
      "byteLength": 8,
      "target": 34962,
      "byteStride": 4
    },
    {
      "buffer": 0,
      "byteOffset": 64,
      "byteLength": 24,
      "target": 34962,
      "byteStride": 12
    },
    {
      "buffer": 0,
      "byteOffset": 88,
      "byteLength": 8,
      "target": 34962,
      "byteStride": 4
    },
    {
      "buffer": 0,
      "byteOffset": 96,
      "byteLength": 24,
      "target": 34962,
      "byteStride": 12
    },
    {
      "buffer": 0,
      "byteOffset": 120,
      "byteLength": 8,
      "target": 34962,
      "byteStride": 4
    },
    {
      "buffer": 0,
      "byteOffset": 128,
      "byteLength": 24,
      "target": 34962,
      "byteStride": 12
    },
    {
      "buffer": 0,
      "byteOffset": 152,
      "byteLength": 8,
      "target": 34962,
      "byteStride": 4
    },
    {
      "buffer": 0,
      "byteOffset": 160,
      "byteLength": 24,
      "target": 34962,
      "byteStride": 12
    },
    {
      "buffer": 0,
      "byteOffset": 184,
      "byteLength": 8,
      "target": 34962,
      "byteStride": 4
    },
    {
      "buffer": 0,
      "byteOffset": 192,
      "byteLength": 24,
      "target": 34962,
      "byteStride": 12
    },
    {
      "buffer": 0,
      "byteOffset": 216,
      "byteLength": 8,
      "target": 34962,
      "byteStride": 4
    },
    {
      "buffer": 0,
      "byteOffset": 224,
      "byteLength": 24,
      "target": 34962,
      "byteStride": 12
    },
    {
      "buffer": 0,
      "byteOffset": 248,
      "byteLength": 8,
      "target": 34962,
      "byteStride": 4
    },
    {
      "buffer": 0,
      "byteOffset": 256,
      "byteLength": 24,
      "target": 34962,
      "byteStride": 12
    },
    {
      "buffer": 0,
      "byteOffset": 280,
      "byteLength": 8,
      "target": 34962,
      "byteStride": 4
    },
    {
      "buffer": 0,
      "byteOffset": 288,
      "byteLength": 24,
      "target": 34962,
      "byteStride": 12
    },
    {
      "buffer": 0,
      "byteOffset": 312,
      "byteLength": 8,
      "target": 34962,
      "byteStride": 4
    },
    {
      "buffer": 0,
      "byteOffset": 320,
      "byteLength": 24,
      "target": 34962,
      "byteStride": 12
    },
    {
      "buffer": 0,
      "byteOffset": 344,
      "byteLength": 8,
      "target": 34962,
      "byteStride": 4
    },
    {
      "buffer": 0,
      "byteOffset": 352,
      "byteLength": 24,
      "target": 34962,
      "byteStride": 12
    },
    {
      "buffer": 0,
      "byteOffset": 376,
      "byteLength": 8,
      "target": 34962,
      "byteStride": 4
    },
    {
      "buffer": 0,
      "byteOffset": 384,
      "byteLength": 24,
      "target": 34962,
      "byteStride": 12
    },
    {
      "buffer": 0,
      "byteOffset": 408,
      "byteLength": 8,
      "target": 34962,
      "byteStride": 4
    },
    {
      "buffer": 0,
      "byteOffset": 416,
      "byteLength": 24,
      "target": 34962,
      "byteStride": 12
    },
    {
      "buffer": 0,
      "byteOffset": 440,
      "byteLength": 8,
      "target": 34962,
      "byteStride": 4
    },
    {
      "buffer": 0,
      "byteOffset": 448,
      "byteLength": 24,
      "target": 34962,
      "byteStride": 12
    },
    {
      "buffer": 0,
      "byteOffset": 472,
      "byteLength": 8,
      "target": 34962,
      "byteStride": 4
    },
    {
      "buffer": 0,
      "byteOffset": 480,
      "byteLength": 24,
      "target": 34962,
      "byteStride": 12
    },
    {
      "buffer": 0,
      "byteOffset": 504,
      "byteLength": 8,
      "target": 34962,
      "byteStride": 4
    },
    {
      "buffer": 0,
      "byteOffset": 512,
      "byteLength": 24,
      "target": 34962,
      "byteStride": 12
    },
    {
      "buffer": 0,
      "byteOffset": 536,
      "byteLength": 8,
      "target": 34962,
      "byteStride": 4
    },
    {
      "buffer": 0,
      "byteOffset": 544,
      "byteLength": 24,
      "target": 34962,
      "byteStride": 12
    },
    {
      "buffer": 0,
      "byteOffset": 568,
      "byteLength": 8,
      "target": 34962,
      "byteStride": 4
    },
    {
      "buffer": 0,
      "byteOffset": 576,
      "byteLength": 24,
      "target": 34962,
      "byteStride": 12
    },
    {
      "buffer": 0,
      "byteOffset": 600,
      "byteLength": 8,
      "target": 34962,
      "byteStride": 4
    },
    {
      "buffer": 0,
      "byteOffset": 608,
      "byteLength": 24,
      "target": 34962,
      "byteStride": 12
    },
    {
      "buffer": 0,
      "byteOffset": 632,
      "byteLength": 8,
      "target": 34962,
      "byteStride": 4
    },
    {
      "buffer": 0,
      "byteOffset": 640,
      "byteLength": 24,
      "target": 34962,
      "byteStride": 12
    },
    {
      "buffer": 0,
      "byteOffset": 664,
      "byteLength": 8,
      "target": 34962,
      "byteStride": 4
    },
    {
      "buffer": 0,
      "byteOffset": 672,
      "byteLength": 24,
      "target": 34962,
      "byteStride": 12
    },
    {
      "buffer": 0,
      "byteOffset": 696,
      "byteLength": 8,
      "target": 34962,
      "byteStride": 4
    },
    {
      "buffer": 0,
      "byteOffset": 704,
      "byteLength": 24,
      "target": 34962,
      "byteStride": 12
    },
    {
      "buffer": 0,
      "byteOffset": 728,
      "byteLength": 8,
      "target": 34962,
      "byteStride": 4
    },
    {
      "buffer": 0,
      "byteOffset": 736,
      "byteLength": 24,
      "target": 34962,
      "byteStride": 12
    },
    {
      "buffer": 0,
      "byteOffset": 760,
      "byteLength": 8,
      "target": 34962,
      "byteStride": 4
    },
    {
      "buffer": 0,
      "byteOffset": 768,
      "byteLength": 24,
      "target": 34962,
      "byteStride": 12
    },
    {
      "buffer": 0,
      "byteOffset": 792,
      "byteLength": 8,
      "target": 34962,
      "byteStride": 4
    },
    {
      "buffer": 0,
      "byteOffset": 800,
      "byteLength": 24,
      "target": 34962,
      "byteStride": 12
    },
    {
      "buffer": 0,
      "byteOffset": 824,
      "byteLength": 8,
      "target": 34962,
      "byteStride": 4
    },
    {
      "buffer": 0,
      "byteOffset": 832,
      "byteLength": 24,
      "target": 34962,
      "byteStride": 12
    },
    {
      "buffer": 0,
      "byteOffset": 856,
      "byteLength": 8,
      "target": 34962,
      "byteStride": 4
    },
    {
      "buffer": 0,
      "byteOffset": 864,
      "byteLength": 24,
      "target": 34962,
      "byteStride": 12
    },
    {
      "buffer": 0,
      "byteOffset": 888,
      "byteLength": 8,
      "target": 34962,
      "byteStride": 4
    },
    {
      "buffer": 0,
      "byteOffset": 896,
      "byteLength": 24,
      "target": 34962,
      "byteStride": 12
    },
    {
      "buffer": 0,
      "byteOffset": 920,
      "byteLength": 8,
      "target": 34962,
      "byteStride": 4
    },
    {
      "buffer": 0,
      "byteOffset": 928,
      "byteLength": 24,
      "target": 34962,
      "byteStride": 12
    },
    {
      "buffer": 0,
      "byteOffset": 952,
      "byteLength": 8,
      "target": 34962,
      "byteStride": 4
    },
    {
      "buffer": 0,
      "byteOffset": 960,
      "byteLength": 24,
      "target": 34962,
      "byteStride": 12
    },
    {
      "buffer": 0,
      "byteOffset": 984,
      "byteLength": 8,
      "target": 34962,
      "byteStride": 4
    },
    {
      "buffer": 0,
      "byteOffset": 992,
      "byteLength": 24,
      "target": 34962,
